Iteration number 1
Features space points
 [[-2.00964188e-05]
 [-3.60604343e-03]
 [ 3.40986270e-03]
 [-2.23187123e-03]
 [ 4.44734499e-03]]
Scaled function values
 [ 0.42798679 -0.64392571  1.75769377 -0.52168314 -1.02007171]
Model predicts
 [0.42598234545783453, -0.6409099385892256, 1.7494617590878236, -0.519239878022327, -1.0152942879340945]

Iteration number 2
Features space points
 [[-0.00022092]
 [-0.00393005]
 [ 0.00350893]
 [-0.0023807 ]
 [ 0.0044977 ]
 [-0.00114776]]
Scaled function values
 [-0.04696401 -0.79372124  0.879388   -0.70855988 -1.05576664  1.72562378]
Model predicts
 [3.5801098819462414e-10, 2.2540202826666462e-10, 4.859362755274489e-10, 2.8115278391577193e-10, 5.190197539399634e-10, 3.252775498330028e-10]

Iteration number 3
Features space points
 [[-0.00036904]
 [ 0.00382638]
 [-0.00347882]
 [ 0.00286316]
 [-0.00510659]
 [ 0.00116587]
 [ 0.00739366]]
Scaled function values
 [-0.38412317 -0.76353747  0.08654011 -0.72026847 -0.89667816  0.51649773
  2.16156944]
Model predicts
 [-0.38409759794454795, -0.7635186827288896, 0.08652410125187279, -0.7202432630013251, -0.8966407848024242, 0.5164612122444115, 2.1614901310124672]

Iteration number 4
Features space points
 [[ 3.69684659e-05]
 [-4.51200125e-03]
 [ 3.92908291e-03]
 [-3.09774595e-03]
 [ 5.45532204e-03]
 [-1.39938461e-03]
 [-8.17164846e-03]
 [ 6.38142843e-03]]
Scaled function values
 [-0.40351912 -0.80905942  0.09955345 -0.76281097 -0.95136801  0.55911742
  2.31746671 -0.04938006]
Model predicts
 [-1.5945875789394684e-09, 1.0128724863906402e-09, -3.811760707470886e-09, 2.0148248113725743e-10, -4.674925357432366e-09, -7.722702309304589e-10, 3.1070361864121796e-09, -5.196505617807086e-09]

Iteration number 5
Features space points
 [[-0.00010551]
 [ 0.00455569]
 [-0.00521901]
 [ 0.0023072 ]
 [-0.00626358]
 [ 0.00087145]
 [ 0.00786294]
 [-0.00724647]
 [-0.00427295]]
Scaled function values
 [-0.27505877 -0.67732504  0.22395237 -0.63144997 -0.81848474  0.67980617
  2.42395987  0.07622124 -1.00162114]
Model predicts
 [-1.522270894892668e-09, 1.7974171832886278e-09, -5.14143485323803e-09, 1.9581541221803976e-10, -5.874186677961522e-09, -8.26898183915945e-10, 4.144154082444933e-09, -6.5611897009352345e-09, -4.4755553037425915e-09]

Iteration number 6
Features space points
 [[ 0.00059202]
 [ 0.00601136]
 [-0.00535748]
 [ 0.00339948]
 [-0.00657244]
 [ 0.00173   ]
 [ 0.00985571]
 [-0.00771695]
 [-0.00425508]
 [-0.00840616]]
Scaled function values
 [-0.19048726 -0.599141    0.31644752 -0.55253749 -0.74254213  0.77953968
  2.55138826  0.16637061 -0.92858649 -0.80045171]
Model predicts
 [-0.19048725815880452, -0.5991409895126953, 0.31644751757915374, -0.5525374804348062, -0.7425421215744309, 0.7795396678887866, 2.5513882355145037, 0.16637060926911298, -0.9285864824853548, -0.8004516980855082]

Iteration number 7
Features space points
 [[ 0.00080333]
 [ 0.00620998]
 [-0.00547264]
 [ 0.00336246]
 [-0.00652832]
 [ 0.0017896 ]
 [ 0.00990969]
 [-0.00768083]
 [-0.00423318]
 [-0.00840779]
 [-0.00688455]]
Scaled function values
 [-0.20993418 -0.63830843  0.32146388 -0.58945596 -0.78862971  0.8069036
  2.66425675  0.16414467 -0.98365207 -0.84933385  0.10254531]
Model predicts
 [-1.551576174098796e-09, 4.832216237099408e-09, -8.928460069300202e-09, 1.4719180409955908e-09, -1.0157831291415124e-08, -3.8643793009184935e-10, 9.172378328409456e-09, -1.1494883604607711e-08, -7.479874138974212e-09, -1.2335388248634417e-08, -1.0571687026558404e-08]

Iteration number 8
Features space points
 [[ 0.00124084]
 [ 0.00657578]
 [-0.00568383]
 [ 0.00324651]
 [-0.00638855]
 [ 0.00189376]
 [ 0.00993563]
 [-0.00754862]
 [-0.00416018]
 [-0.00835061]
 [-0.00681729]
 [-0.00968744]]
Scaled function values
 [-0.30262261 -0.72756461  0.22451774 -0.67910356 -0.87668147  0.70606798
  2.5485395   0.06845902 -1.07014125 -0.93689923  0.00735321  1.03807527]
Model predicts
 [-2.206121823044367e-09, 2.00206305884053e-09, -7.616382886697873e-09, -6.248127488307533e-10, -8.160024253732128e-09, -1.6916705173177292e-09, 4.641923351469182e-09, -9.051578768798387e-09, -6.4358866200031305e-09, -9.665498631067583e-09, -8.490016822345532e-09, -1.0684566164027803e-08]

Iteration number 9
Features space points
 [[ 0.00149034]
 [ 0.00747081]
 [-0.00532438]
 [ 0.00441195]
 [-0.00655258]
 [ 0.00263902]
 [ 0.01160928]
 [-0.00782465]
 [-0.00400512]
 [-0.00861424]
 [-0.00693297]
 [-0.01027   ]
 [-0.01029348]]
Scaled function values
 [-0.28756439 -0.72804337  0.2588496  -0.67781046 -0.88261234  0.75800657
  2.66784367  0.09708496 -1.08314552 -0.94503181  0.03374496  1.10215292
 -0.31347481]
Model predicts
 [-0.28756438456182387, -0.7280433641805335, 0.25884959778579925, -0.677810454138895, -0.8826123292489584, 0.758006566601469, 2.667843646813455, 0.09708495852085058, -1.0831455043318305, -0.9450318037689678, 0.033744961516249256, 1.1021529109955461, -0.31347480200238753]

Iteration number 10
Features space points
 [[ 0.0015537 ]
 [ 0.00756275]
 [-0.0053539 ]
 [ 0.00444639]
 [-0.00656045]
 [ 0.00268145]
 [ 0.01169665]
 [-0.00784055]
 [-0.00400366]
 [-0.00864088]
 [-0.006949  ]
 [-0.010295  ]
 [-0.01032368]
 [-0.00621915]]
Scaled function values
 [-0.27784384 -0.73378259  0.28774798 -0.68178662 -0.89377656  0.80442418
  2.78129203  0.12030579 -1.10134798 -0.95838681  0.05474271  1.16064925
 -0.30466365 -0.25757391]
Model predicts
 [-2.7784602491851807e-06, -7.337883655553772e-06, 2.8775025003639384e-06, -6.817919896983247e-06, -8.937835957117034e-06, 8.044305168314663e-06, 2.7813139298394698e-05, 1.2030673588145625e-06, -1.101356645626064e-05, -9.583943549779156e-06, 5.474313846482469e-07, 1.0948143119851768e-05, -5.382780906932057e-07, -2.575759368688976e-06]

Iteration number 11
Features space points
 [[ 0.0016106 ]
 [ 0.00766304]
 [-0.00539954]
 [ 0.00448676]
 [-0.00659077]
 [ 0.00272344]
 [ 0.0118056 ]
 [-0.00788182]
 [-0.00401802]
 [-0.00869402]
 [-0.00698766]
 [-0.01035174]
 [-0.01038506]
 [-0.00625068]
 [-0.00658708]]
Scaled function values
 [-0.29196466 -0.7638419   0.29339886 -0.71002829 -0.92942887  0.82813679
  2.87411107  0.1201033  -1.14425647 -0.99629773  0.0522483   1.19681461
 -0.31972202 -0.27098614  0.06171316]
Model predicts
 [-2.8761832352894332e-06, -7.638411631764224e-06, 2.8292695084505822e-06, -7.099392733872958e-06, -9.454522823553844e-06, 8.265279676368949e-06, 2.874108242935071e-05, 9.018660624062183e-07, -1.1439428693522407e-05, -9.925881121457546e-06, -1.8491118539488585e-06, 8.836183576516032e-06, 8.516993291805302e-06, -5.5779749609786725e-06, -9.469621428599556e-06]

Iteration number 12
Features space points
 [[ 0.00165336]
 [ 0.00773801]
 [-0.00545116]
 [ 0.00450428]
 [-0.0066226 ]
 [ 0.0027471 ]
 [ 0.01187979]
 [-0.00792232]
 [-0.00403893]
 [-0.00874545]
 [-0.00702762]
 [-0.01040282]
 [-0.01044115]
 [-0.00628471]
 [-0.0066217 ]
 [-0.00656684]]
Scaled function values
 [-0.28793749 -0.77465219  0.31583189 -0.71914649 -0.94544579  0.86738384
  2.97769065  0.13708732 -1.16702832 -1.01441724  0.06709871  1.24765417
 -0.31656764 -0.26629933  0.07686118 -0.19811327]
Model predicts
 [-0.2879370922077301, -0.7746511302127934, 0.31583145992851525, -0.7191455019799213, -0.945444490667233, 0.8673826465502769, 2.9776865662660694, 0.13708712835739442, -1.1670267134628425, -1.0144158511625299, 0.06709862235417023, 1.2476524544074317, -0.3165672073378777, -0.2662989693003771, 0.07686107842600297, -0.19811299996094509]

Iteration number 13
Features space points
 [[ 0.00155483]
 [ 0.00771002]
 [-0.00556463]
 [ 0.00448645]
 [-0.00678059]
 [ 0.00269044]
 [ 0.01192685]
 [-0.00809315]
 [-0.00416386]
 [-0.00891798]
 [-0.0071832 ]
 [-0.01060517]
 [-0.01063827]
 [-0.00643409]
 [-0.00677638]
 [-0.00671919]
 [-0.00416374]]
Scaled function values
 [-0.21512807 -0.6968416   0.38243735 -0.64190623 -0.86588022  0.92832189
  3.01694451  0.20552945 -1.08518591 -0.93414297  0.13626     1.3046848
 -0.24346404 -0.19371226  0.14592216 -0.12622683 -1.11761205]
Model predicts
 [-4.3205605664375255e-09, 3.732781552231569e-09, -1.3541317145538977e-08, -4.855027448750972e-10, -1.5092883846376865e-08, -2.8359536929467267e-09, 9.220047705170926e-09, -1.6758850501684218e-08, -1.1744269728945469e-08, -1.7801110019953145e-08, -1.5604868667599298e-08, -1.9922222917181505e-08, -1.9963705021934465e-08, -1.4651557044536771e-08, -1.5087526133470827e-08, -1.5014728877254304e-08, -1.174411041200809e-08]

Iteration number 14
Features space points
 [[ 0.00159617]
 [ 0.00806514]
 [-0.00572702]
 [ 0.00479044]
 [-0.00707784]
 [ 0.00285969]
 [ 0.0125604 ]
 [-0.00845235]
 [-0.00431984]
 [-0.00930084]
 [-0.0074842 ]
 [-0.0110998 ]
 [-0.01112106]
 [-0.00670246]
 [-0.00706557]
 [-0.00700145]
 [-0.00432752]
 [-0.00969123]]
Scaled function values
 [-0.32493136 -0.70842289  0.15078972 -0.66468891 -0.84299432  0.58536771
  2.24811754  0.00995356 -1.0175833  -0.89733821 -0.04519176  0.88498975
 -0.34748958 -0.30788225 -0.03749973 -0.25415719 -1.04339771  2.61235894]
Model predicts
 [-5.236607597584072e-09, -2.3041878451346608e-09, -8.453007183171947e-09, -3.795277468750891e-09, -9.029008806651851e-09, -4.6684761178634074e-09, -2.546623669090513e-10, -9.609992916939874e-09, -7.847098022934715e-09, -9.966500227601826e-09, -9.201266831373744e-09, -1.0718286818715068e-08, -1.0727143421449252e-08, -8.869472166968142e-09, -9.023801774462122e-09, -8.996573706510508e-09, -7.850422401426928e-09, -1.0130072253382131e-08]

Iteration number 15
Features space points
 [[ 0.00173062]
 [ 0.00830023]
 [-0.00565326]
 [ 0.00501234]
 [-0.00704996]
 [ 0.00303747]
 [ 0.01288548]
 [-0.00844443]
 [-0.00424593]
 [-0.00929999]
 [-0.00745697]
 [-0.01113631]
 [-0.01115321]
 [-0.00666482]
 [-0.00703481]
 [-0.0069683 ]
 [-0.00425638]
 [-0.00970414]
 [-0.00922191]]
Scaled function values
 [-0.37316229 -0.75970305  0.10634134 -0.71562134 -0.89534449  0.54437476
  2.22034546 -0.03561464 -1.07132166 -0.95012047 -0.09119842  0.84637915
 -0.39589989 -0.35597763 -0.08344523 -0.30182539 -1.09734132  2.58748302
  0.82165209]
Model predicts
 [-0.37315203519060125, -0.7596821638234925, 0.1063384210088348, -0.7156016649156752, -0.8953045994884472, 0.544359793859222, 2.220284426905771, -0.035613657788339234, -1.0713066710071861, -0.950094080094986, -0.09119591783395704, 0.8463329989255268, -0.3958614921723234, -0.35596784534262965, -0.08346897748500978, -0.30181681735455795, -1.0973229682747574, 2.5874119000735694, 0.8216291826598376]

Iteration number 16
Features space points
 [[ 0.0014995 ]
 [ 0.00819633]
 [-0.00568289]
 [ 0.00508903]
 [-0.00726513]
 [ 0.00298213]
 [ 0.01300729]
 [-0.00867576]
 [-0.00438988]
 [-0.009508  ]
 [-0.00764367]
 [-0.01143546]
 [-0.01142344]
 [-0.00684827]
 [-0.00723273]
 [-0.00715621]
 [-0.00441745]
 [-0.00996763]
 [-0.00949768]
 [-0.00660817]]
Scaled function values
 [-0.32239355 -0.70908592  0.15729816 -0.66498692 -0.84478056  0.59550338
  2.27213145  0.0152865  -1.02082676 -0.89957804 -0.04031909  0.89762623
 -0.34514006 -0.30520215 -0.03256286 -0.25102867 -1.04685663  2.63941302
  0.87288947 -0.96738703]
Model predicts
 [-0.00408024329716218, -0.00897425848570071, 0.001990780412423041, -0.008416137358283745, -0.010691622758966074, 0.007536747189233515, 0.028756310688682122, 0.0001934674005367231, -0.012919680055845411, -0.01138514474411495, -0.0005102822032487671, 0.01136044256285285, -0.004368125312792663, -0.0038626672794370713, -0.00041211859058256056, -0.0031770425726581567, -0.013249116574653616, 0.03340466096390589, 0.011047371776549728, -0.012243341760746386]

Iteration number 17
Features space points
 [[ 0.00116783]
 [ 0.00790892]
 [-0.00567442]
 [ 0.00505588]
 [-0.00744534]
 [ 0.00282944]
 [ 0.01290601]
 [-0.008853  ]
 [-0.00453221]
 [-0.00964585]
 [-0.00778549]
 [-0.01164836]
 [-0.0116034 ]
 [-0.00699846]
 [-0.00739365]
 [-0.00730684]
 [-0.00457897]
 [-0.01016204]
 [-0.0097133 ]
 [-0.00678347]
 [-0.00629545]]
Scaled function values
 [-0.27145598 -0.65750193  0.20743386 -0.61347665 -0.79296974  0.64490656
  2.3187319   0.06565959 -0.96872165 -0.84767561  0.01014696  0.94652437
 -0.29416447 -0.25429331  0.01789022 -0.20021039 -0.99470801  2.68539951
  0.92182896 -0.91537125 -1.00797294]
Model predicts
 [-0.27145597420435313, -0.657501924851897, 0.20743385941516368, -0.613476642356911, -0.7929697356248416, 0.6449065549694344, 2.3187318799612853, 0.06565959359151126, -0.9687216416028526, -0.8476756046786974, 0.010146957372592644, 0.9465243592934738, -0.29416446245315825, -0.2542933097325497, 0.017890224140434362, -0.20021038773104483, -0.9947080002842011, 2.6853994794293206, 0.9218289497652384, -0.9153712432014915, -1.007972931216449]

Iteration number 18
Features space points
 [[ 0.00092506]
 [ 0.00770261]
 [-0.0056964 ]
 [ 0.00501686]
 [-0.0075954 ]
 [ 0.00270809]
 [ 0.01282946]
 [-0.00900247]
 [-0.00465403]
 [-0.00976973]
 [-0.0079102 ]
 [-0.01182442]
 [-0.01175738]
 [-0.00712799]
 [-0.00753075]
 [-0.00743697]
 [-0.00471368]
 [-0.01032429]
 [-0.00988929]
 [-0.0069296 ]
 [-0.00644018]
 [-0.00642012]]
Scaled function values
 [-0.22601744 -0.61239659  0.25328571 -0.56833331 -0.74798132  0.69113599
  2.36640597  0.11138908 -0.92388491 -0.8027344   0.05582854  0.99301412
 -0.24874553 -0.20883997  0.06357849 -0.15471037 -0.9498937   2.73339004
  0.96829739 -0.87048847 -0.96317008 -0.95912925]
Model predicts
 [-0.005837779471168766, -0.19888937870419043, -0.4713796189265755, -0.1609718686672681, -0.23694517699047146, 0.11753417572964353, 0.7767700152930819, 0.1822400659193154, -0.48142568669668684, 0.4384051142542335, -0.14633110192018844, 0.4202450343875243, 0.4327865146966729, -0.3597304046991607, -0.2548838191417385, -0.28045995109734406, -0.48392668779912684, 0.590498516090549, 0.47900992321844543, -0.40367920753960135, -0.47009343516308455, -0.47130919397855037]

Iteration number 19
Features space points
 [[ 0.00089812]
 [ 0.00767238]
 [-0.00556498]
 [ 0.00509821]
 [-0.0075346 ]
 [ 0.00274843]
 [ 0.01285811]
 [-0.00893625]
 [-0.00458673]
 [-0.00968523]
 [-0.00783287]
 [-0.01176437]
 [-0.01168411]
 [-0.0070564 ]
 [-0.00746231]
 [-0.00736463]
 [-0.004654  ]
 [-0.01026114]
 [-0.00983607]
 [-0.00686881]
 [-0.00638031]
 [-0.0063601 ]
 [-0.00422878]]
Scaled function values
 [-0.18793752 -0.57625955  0.29377579 -0.5319747  -0.71252606  0.73382777
  2.41752175  0.15116564 -0.88931417 -0.76755447  0.09532571  1.03722387
 -0.21077989 -0.17067366  0.10311463 -0.11627188 -0.91545374  2.78635118
  1.01238286 -0.83564923 -0.92879688 -0.92473573 -0.86276172]
Model predicts
 [-7.971561291300107e-09, -4.583021376421647e-09, -1.1081582171804778e-08, -5.879879825043889e-09, -1.1993075395205843e-08, -7.054816268974507e-09, -1.9651501589909243e-09, -1.2632397068125513e-08, -1.0622292713298796e-08, -1.2971636801730115e-08, -1.2129686143903173e-08, -1.3907442785821923e-08, -1.3871454301094087e-08, -1.1773325681425603e-08, -1.1959914412531571e-08, -1.1915074659886341e-08, -1.0654019336834578e-08, -1.3231616352123237e-08, -1.3039791656211553e-08, -1.1686861536174454e-08, -1.1460987845936033e-08, -1.1451617592874879e-08, -1.045310460253902e-08]

Iteration number 20
Features space points
 [[ 0.00113109]
 [ 0.00804526]
 [-0.00552564]
 [ 0.00537645]
 [-0.00750873]
 [ 0.00299428]
 [ 0.01331436]
 [-0.00894158]
 [-0.00450224]
 [-0.00971316]
 [-0.00781952]
 [-0.01182628]
 [-0.01174939]
 [-0.00702473]
 [-0.00743786]
 [-0.00733965]
 [-0.00456799]
 [-0.01029288]
 [-0.00985517]
 [-0.00682912]
 [-0.00633013]
 [-0.00630956]
 [-0.00413367]
 [-0.00941174]]
Scaled function values
 [-0.15601912 -0.5475492   0.32967377 -0.5028985  -0.68494145  0.77336115
  2.47096465  0.18588547 -0.86319007 -0.74042446  0.12958423  1.0792637
 -0.1790502  -0.13861265  0.1374375  -0.08376143 -0.88954558  2.84284109
  1.05421747 -0.80908178 -0.90299895 -0.89890425 -0.83641825 -0.76983314]
Model predicts
 [0.018624808842719377, -0.14633163681968664, -0.42695319700738305, -0.1098811234107752, -0.20575444398389886, 0.13189680941303517, 0.697953782785975, 0.09085514741670102, -0.47175036596252257, 0.31553426329875883, -0.14164864631083976, 0.4107418942692383, 0.4213112843769831, -0.30414410057561286, -0.22036385462937463, -0.240602602392854, -0.4716030959759153, 0.485898704210692, 0.36469140131909555, -0.34004788316557233, -0.4028993988003069, -0.40438837129601285, -0.45663414457933554, 0.2157795422626912]

Iteration number 21
Features space points
 [[ 0.00111787]
 [ 0.00802474]
 [-0.00532626]
 [ 0.00550486]
 [-0.0074021 ]
 [ 0.00306944]
 [ 0.01336941]
 [-0.00882721]
 [-0.00438821]
 [-0.00957425]
 [-0.00769085]
 [-0.01171896]
 [-0.01162458]
 [-0.00690399]
 [-0.00732113]
 [-0.00721779]
 [-0.00446402]
 [-0.01018203]
 [-0.00975766]
 [-0.00672277]
 [-0.00622521]
 [-0.00620444]
 [-0.00403096]
 [-0.0092804 ]
 [-0.00394406]]
Scaled function values
 [-0.12238375 -0.51622027  0.36617028 -0.47130654 -0.65442188  0.81247136
  2.52007519  0.22153495 -0.83372053 -0.71023174  0.16490205  1.12017594
 -0.1455505  -0.10487474  0.17280158 -0.0497004  -0.86023131  2.8941423
  1.09498217 -0.7792935  -0.87376393 -0.86964511 -0.80679101 -0.73981365
 -0.82930697]
Model predicts
 [-0.10961405219339818, -0.463098800801931, 0.31083542848913576, -0.42278195217907755, -0.28844948979948404, 0.7288044342294071, 2.2606926632498214, 0.1658212073650978, -0.8273571636946792, -0.4241136043094073, 0.07405749164581045, 0.680092949508645, 0.24385616057984752, -0.1996335704132678, -0.1345053701553789, -0.019336880588157242, -0.7915386440324264, 2.6118418374988037, 0.8818276890335229, -0.6508414046338896, -0.8420331507095012, -0.826163487184019, -0.804444348367567, -0.705039567669963, -0.7692048657262403]

Iteration number 22
Features space points
 [[ 0.0010552 ]
 [ 0.00794579]
 [-0.00529206]
 [ 0.00548975]
 [-0.00740051]
 [ 0.00303787]
 [ 0.01331035]
 [-0.00881967]
 [-0.00438974]
 [-0.00955549]
 [-0.00767996]
 [-0.01170829]
 [-0.0116072 ]
 [-0.00689783]
 [-0.00731571]
 [-0.00721055]
 [-0.00446937]
 [-0.01017313]
 [-0.00975489]
 [-0.00672266]
 [-0.00622666]
 [-0.00620586]
 [-0.00403767]
 [-0.00926524]
 [-0.00395006]
 [-0.00644844]]
Scaled function values
 [-0.11650249 -0.5178008   0.38130788 -0.47203611 -0.65862083  0.83606476
  2.57602153  0.23393223 -0.84131655 -0.71548808  0.17622634  1.14959923
 -0.14010818 -0.09866175  0.18427553 -0.04244205 -0.86832961  2.95717586
  1.12392813 -0.78585832 -0.88211862 -0.87792176 -0.81387681 -0.74563047
 -0.83681936 -0.20499969]
Model predicts
 [-0.0024056800484434484, -0.01069215785358042, 0.007873692059300514, -0.009747154996672698, -0.013599974929235696, 0.01726404514028283, 0.053192712134343414, 0.004830506901894538, -0.017372490262331244, -0.014774236617423643, 0.0036389279534271017, 0.02373827246211577, -0.002893117835438234, -0.00203728339000406, 0.0038051372041739296, -0.0008763932626741478, -0.01793028755068028, 0.061063233557397394, 0.023208185402269044, -0.016227323756876265, -0.018215019343805854, -0.01812835767107823, -0.016805882332827284, -0.015396651964034365, -0.01727962714173515, -0.00423307385830889]

Iteration number 23
Features space points
 [[ 0.00099763]
 [ 0.0078576 ]
 [-0.00525828]
 [ 0.00545722]
 [-0.00738633]
 [ 0.00299907]
 [ 0.01322348]
 [-0.00879717]
 [-0.00438588]
 [-0.0095224 ]
 [-0.00765788]
 [-0.01167576]
 [-0.01156977]
 [-0.00688144]
 [-0.0072988 ]
 [-0.00719251]
 [-0.00446826]
 [-0.01014601]
 [-0.00973359]
 [-0.0067114 ]
 [-0.00621791]
 [-0.00619714]
 [-0.00403874]
 [-0.00923568]
 [-0.00395081]
 [-0.0064356 ]
 [-0.00608705]]
Scaled function values
 [-0.10940302 -0.51789671  0.39733323 -0.47131145 -0.66124168  0.86024401
  2.63139867  0.24731509 -0.84721318 -0.71912858  0.18857452  1.17940024
 -0.13343196 -0.09124238  0.19676804 -0.03401465 -0.87471059  3.0193872
  1.15326885 -0.79076057 -0.88874685 -0.88447474 -0.81928144 -0.74981142
 -0.84263536 -0.19948699 -0.23889828]
Model predicts
 [-0.10940301709085476, -0.5178967020803315, 0.3973332212017627, -0.47131144493953364, -0.6612416720956241, 0.8602440047224509, 2.631398640298162, 0.2473150894590567, -0.8472131700389569, -0.7191285687276883, 0.1885745139019002, 1.1794002298819017, -0.13343195465576072, -0.09124238092159782, 0.19676803483003472, -0.03401465436123448, -0.8747105790893476, 3.0193871650364836, 1.1532688358766239, -0.7907605617365693, -0.8887468369714868, -0.8844747268093245, -0.8192814279272667, -0.7498114166770785, -0.8426353507019636, -0.19948698869772177, -0.23889828168601468]

Iteration number 24
Features space points
 [[ 0.00092311]
 [ 0.00779347]
 [-0.00522603]
 [ 0.00547192]
 [-0.0074108 ]
 [ 0.00297841]
 [ 0.01321363]
 [-0.00882014]
 [-0.00440006]
 [-0.00953302]
 [-0.00767049]
 [-0.01170846]
 [-0.01159242]
 [-0.00689695]
 [-0.00731741]
 [-0.00720802]
 [-0.00448827]
 [-0.01017367]
 [-0.00976792]
 [-0.00673467]
 [-0.00624097]
 [-0.00622005]
 [-0.00405858]
 [-0.00924999]
 [-0.00396921]
 [-0.00645328]
 [-0.00610271]
 [-0.00614462]]
Scaled function values
 [-0.08168854 -0.49309328  0.42865887 -0.44617604 -0.63745977  0.89486851
  2.67864497  0.27757166 -0.82475656 -0.69575919  0.21841248  1.21629914
 -0.10588871 -0.06339848  0.22666439 -0.00576293 -0.85244993  3.06939843
  1.18998153 -0.76790166 -0.86658621 -0.86228366 -0.79662577 -0.72666069
 -0.82014612 -0.17241448 -0.21210663 -0.76934131]
Model predicts
 [-4.82921780244605e-05, -0.0002915041645049088, 0.000253412185263193, -0.0002637678901235612, -0.00037684995120978234, 0.0005290234256822162, 0.0015835465507912873, 0.0001640932822545233, -0.00048757503486611306, -0.0004113150791625813, 0.00012911988463975, 0.0007190450156625631, -6.259870430117885e-05, -3.747956436413564e-05, 0.00013399820363078178, -3.406897955928013e-06, -0.0005039466453070021, 0.0018145500235515987, 0.0007034867133458682, -0.0004539638640898008, -0.0005123036561683939, -0.0005097600956748464, -0.00047094482800007833, -0.00042958325973639123, -0.00048484945898670263, -0.00010192703821848986, -0.00012539202485027244, -0.0004548149492603895]

Iteration number 25
Features space points
 [[ 0.00085093]
 [ 0.00772238]
 [-0.00518046]
 [ 0.00548471]
 [-0.00742025]
 [ 0.0029585 ]
 [ 0.01319055]
 [-0.00882611]
 [-0.00440314]
 [-0.00952537]
 [-0.00766746]
 [-0.0117204 ]
 [-0.01159424]
 [-0.00689794]
 [-0.00732099]
 [-0.00720858]
 [-0.00449719]
 [-0.01018258]
 [-0.00978421]
 [-0.00674381]
 [-0.00625059]
 [-0.00622954]
 [-0.00406792]
 [-0.0092465 ]
 [-0.00397719]
 [-0.00645709]
 [-0.00610495]
 [-0.00615196]
 [-0.00614852]]
Scaled function values
 [-0.05705614 -0.47196555  0.45763881 -0.42464863 -0.61756187  0.92781999
  2.72679206  0.30526452 -0.8064542  -0.67635793  0.24560138  1.25198882
 -0.08146247 -0.03861027  0.25392358  0.01951626 -0.83438348  3.12087426
  1.22544701 -0.74911496 -0.84864019 -0.84430098 -0.77808377 -0.70752268
 -0.80180449 -0.14855495 -0.18858523 -0.75056688 -0.70919203]
Model predicts
 [-1.5873415112394582e-07, -7.374710995585397e-08, -2.2459046674697866e-07, -1.0200183190023511e-07, -2.455488894567298e-07, -1.3334031159383264e-07, -5.007115202579942e-09, -2.5781350189140535e-07, -2.1684603492610678e-07, -2.637226403975869e-07, -2.477482766156982e-07, -2.817163047700009e-07, -2.8070076294256686e-07, -2.408334648736195e-07, -2.4466004912799323e-07, -2.436494073624178e-07, -2.177963159842402e-07, -2.6918730253870496e-07, -2.6588399781367344e-07, -2.394232541136796e-07, -2.3484952425663082e-07, -2.3465220478431492e-07, -2.1342962346490677e-07, -2.613790530347123e-07, -2.1249700753245452e-07, -2.367759895353384e-07, -2.334806031498016e-07, -2.3392342015437357e-07, -2.3389097096920433e-07]

Iteration number 26
Features space points
 [[ 0.00103767]
 [ 0.00798099]
 [-0.00516319]
 [ 0.00564464]
 [-0.00737781]
 [ 0.00312111]
 [ 0.01346347]
 [-0.00880192]
 [-0.00433398]
 [-0.00952084]
 [-0.00763879]
 [-0.01172221]
 [-0.01160367]
 [-0.00685741]
 [-0.0072827 ]
 [-0.00717177]
 [-0.00442382]
 [-0.01017043]
 [-0.0097612 ]
 [-0.00669436]
 [-0.00619542]
 [-0.00617425]
 [-0.00398958]
 [-0.00923526]
 [-0.00389909]
 [-0.0064093 ]
 [-0.00605479]
 [-0.00609775]
 [-0.00609503]
 [-0.00918043]]
Scaled function values
 [-0.06793905 -0.48933013  0.4547964  -0.44127403 -0.63720094  0.93232269
  2.75939809  0.30004174 -0.82904412 -0.6969155   0.23944654  1.26155566
 -0.09272665 -0.04920503  0.24789876  0.00982955 -0.85740971  3.1596366
  1.23459921 -0.77080913 -0.87188913 -0.86748214 -0.80023049 -0.7285671
 -0.82432177 -0.16086725 -0.20152287 -0.77228373 -0.73026253  0.28975605]
Model predicts
 [-0.06793904836385153, -0.48933012401930676, 0.4547963974054497, -0.4412740283253122, -0.637200916564759, 0.9323226852748047, 2.7593980709239645, 0.3000417374564969, -0.829044120953256, -0.6969154936761679, 0.2394465384941224, 1.2615556357742599, -0.09272663957294196, -0.0492050305828237, 0.24789873660771505, 0.009829562993053997, -0.8574097046284496, 3.1596365767469643, 1.2345992032655726, -0.7708091245713615, -0.8718890951542719, -0.867482200109079, -0.800230488460326, -0.7285670601047776, -0.8243217634915065, -0.16086725058186113, -0.20152288505387483, -0.7722830789235346, -0.7302631445722185, 0.2897560150700591]

Iteration number 27
Features space points
 [[ 0.00098224]
 [ 0.00804849]
 [-0.0052644 ]
 [ 0.00571631]
 [-0.00754746]
 [ 0.00313055]
 [ 0.01365394]
 [-0.0089947 ]
 [-0.00444673]
 [-0.00971896]
 [-0.00780634]
 [-0.01196939]
 [-0.01184337]
 [-0.00701339]
 [-0.00744754]
 [-0.00733305]
 [-0.0045413 ]
 [-0.01038879]
 [-0.00997632]
 [-0.00685185]
 [-0.00634439]
 [-0.00632279]
 [-0.00409964]
 [-0.00943059]
 [-0.00400683]
 [-0.00655893]
 [-0.00619734]
 [-0.0062438 ]
 [-0.00624057]
 [-0.00937836]
 [ 0.00178188]]
Scaled function values
 [-0.08746421 -0.51355165  0.44109706 -0.46495997 -0.66307046  0.92394533
  2.77138326  0.28461768 -0.85705171 -0.72345053  0.22334715  1.25684755
 -0.11252807 -0.0685214   0.23189357 -0.00882889 -0.88573343  3.17608238
  1.22959068 -0.7981677  -0.90037423 -0.89591812 -0.82791696 -0.75545488
 -0.85227673 -0.18142809 -0.22253682 -0.79965873 -0.75716921  0.27421736
  0.56303976]
Model predicts
 [-3.1362043397902367e-05, -0.00018414421580817088, 0.00015816417492625124, -0.00016672069850595013, -0.00023775717661461611, 0.0003312990794236176, 0.0009937349085227766, 0.00010205536122654635, -0.000307313036365315, -0.0002594076601998477, 8.0085590157789e-05, 0.00045066783152410074, -4.034919158838569e-05, -2.456971943244608e-05, 8.315007798976524e-05, -3.1657743843889114e-06, -0.0003175974398818116, 0.0011388478731976237, 0.00044089433614108675, -0.00028619899604695134, -0.000322847190491296, -0.00032124936341260325, -0.00029686618639959917, -0.0002708834610205203, -0.0003056008699135237, -6.505466922587974e-05, -7.979502674304451e-05, -0.00028673365303399305, -0.0002714981852821027, 9.832611898179885e-05, 0.00020188916902685]

Iteration number 28
Features space points
 [[ 0.00091641]
 [ 0.00797869]
 [-0.00521888]
 [ 0.00572433]
 [-0.0075503 ]
 [ 0.00311069]
 [ 0.0136238 ]
 [-0.00899337]
 [-0.00444596]
 [-0.00970473]
 [-0.00779766]
 [-0.01197138]
 [-0.01183626]
 [-0.00700892]
 [-0.00744512]
 [-0.00732796]
 [-0.00454578]
 [-0.01038914]
 [-0.00998367]
 [-0.0068549 ]
 [-0.00634823]
 [-0.00632653]
 [-0.00410481]
 [-0.00942035]
 [-0.00401083]
 [-0.00655735]
 [-0.00619458]
 [-0.00624565]
 [-0.00624164]
 [-0.00937421]
 [ 0.00176485]
 [-0.00606166]]
Scaled function values
 [-0.06293526 -0.49160614  0.46883078 -0.44271985 -0.64203151  0.95460664
  2.81324594  0.31140263 -0.83718891 -0.70277768  0.24976061  1.28952731
 -0.08815109 -0.0438776   0.25835884  0.01617684 -0.86604453  3.22039882
  1.26210518 -0.77794788 -0.8807741  -0.87629097 -0.80787751 -0.73497608
 -0.83238498 -0.15746885 -0.19882683 -0.77944795 -0.7367008   0.30093925
  0.59151284 -0.77683714]
Model predicts
 [-1.0995523019876836e-08, -4.632122983306337e-09, -1.6374062575644115e-08, -6.672253851459024e-09, -1.835108377990242e-08, -9.029152740547474e-09, 4.657122914135987e-10, -1.9556965050774804e-08, -1.5709781782616432e-08, -2.0147534374484148e-08, -1.8558627253699994e-08, -2.2016856616479163e-08, -2.190587960043666e-08, -1.789545959302133e-08, -1.8262713879678494e-08, -1.8164194942089117e-08, -1.579581529476882e-08, -2.0713770002002643e-08, -2.03785167076624e-08, -1.776547618404986e-08, -1.733669011848014e-08, -1.7318283284947986e-08, -1.5415168503870102e-08, -1.991171284095944e-08, -1.533385905683399e-08, -1.751388578504677e-08, -1.720628291368019e-08, -1.7249642036311344e-08, -1.7246240809392962e-08, -1.9873416981589775e-08, -1.02369467650769e-08, -1.7093330402247856e-08]

Iteration number 29
Features space points
 [[ 0.00098525]
 [ 0.00813994]
 [-0.00511674]
 [ 0.00593687]
 [-0.00753123]
 [ 0.00325837]
 [ 0.01390336]
 [-0.00898985]
 [-0.00438021]
 [-0.00969743]
 [-0.0077698 ]
 [-0.01201275]
 [-0.01186609]
 [-0.00697462]
 [-0.00741902]
 [-0.00729742]
 [-0.00448694]
 [-0.01040677]
 [-0.0100031 ]
 [-0.00682643]
 [-0.0063136 ]
 [-0.00629149]
 [-0.00404062]
 [-0.00941332]
 [-0.00394411]
 [-0.00651986]
 [-0.00615084]
 [-0.00620748]
 [-0.0062026 ]
 [-0.00937299]
 [ 0.0018971 ]
 [-0.00602055]
 [-0.00910972]]
Scaled function values
 [-0.05798641 -0.49306212  0.48172481 -0.44344541 -0.64573501  0.97475871
  2.86116816  0.3219445  -0.84380828 -0.7073888   0.25938149  1.31468347
 -0.08357899 -0.03864401  0.26810819  0.02230772 -0.87309504  3.27440437
  1.28685162 -0.78368212 -0.88804468 -0.88349457 -0.81405893 -0.74006828
 -0.83893257 -0.15393244 -0.19590836 -0.7852046  -0.74181877  0.31132479
  0.60623987 -0.78255478 -0.18845349]
Model predicts
 [-0.034076263362201924, -0.43070434044190264, 0.33918465536520565, -0.38715502788422274, -0.14667402677154842, 0.8556799017191193, 2.496344782400784, 0.1491687152912776, -0.8323693584408146, -0.33371528400610195, 0.07937378888929887, 0.794724354905855, 0.37482249131858, -0.22953596880793747, -0.0586986809645859, -0.00014743058410132608, -0.7482265829874489, 2.8101549124524126, 1.1647210107407722, -0.43823249336090137, -0.692894460748579, -0.7015025188128438, -0.8194307471505026, -0.3188252801620586, -0.7745676526441945, -0.46758893171010846, -0.6417730395003959, -0.6794810681314463, -0.6763825054131074, -0.2533354483811495, 0.5328370525885627, -0.585674330039125, 0.012814894935844635]

Iteration number 30
Features space points
 [[ 0.0010477 ]
 [ 0.00817763]
 [-0.00493292]
 [ 0.00605363]
 [-0.00738545]
 [ 0.00335729]
 [ 0.0139604 ]
 [-0.0088361 ]
 [-0.00423993]
 [-0.0095297 ]
 [-0.0076126 ]
 [-0.01185384]
 [-0.01169905]
 [-0.00682357]
 [-0.00726864]
 [-0.00714489]
 [-0.00435125]
 [-0.0102507 ]
 [-0.00985469]
 [-0.00668282]
 [-0.00617215]
 [-0.00615002]
 [-0.00390684]
 [-0.0092501 ]
 [-0.00380952]
 [-0.00637278]
 [-0.0060037 ]
 [-0.00606448]
 [-0.00605888]
 [-0.00921555]
 [ 0.00200267]
 [-0.0058777 ]
 [-0.00895346]
 [-0.0038324 ]]
Scaled function values
 [-0.03499976 -0.47263504  0.50788661 -0.42272643 -0.62620612  1.00382105
  2.90132835  0.34716631 -0.82544466 -0.68822261  0.28423523  1.34574561
 -0.0607429  -0.01554356  0.29301327  0.04576674 -0.85490371  3.31699565
  1.31775003 -0.76496477 -0.86994131 -0.86536443 -0.79552029 -0.72109435
 -0.82054027 -0.13151025 -0.17373311 -0.76649621 -0.72285514  0.33648412
  0.6331342  -0.7638308  -0.16623439 -0.76981706]
Model predicts
 [-0.03499944871020786, -0.472630809214739, 0.5078820633666788, -0.42272264609954685, -0.6262005131157672, 1.0038120701906428, 2.901302389657573, 0.3471632040369447, -0.8254372764995218, -0.6882164567138378, 0.28423268897020665, 1.3457335690104324, -0.060742359860178605, -0.015543422322469568, 0.2930106501550759, 0.04576633289158789, -0.8548960636858698, 3.3169659658172677, 1.317738234123666, -0.7649579283890615, -0.8699335216909092, -0.8653566837832668, -0.7955131754649719, -0.7210878987597319, -0.8205329233155946, -0.1315090705296501, -0.1737315537735554, -0.7664893560398934, -0.7228486693426373, 0.3364811111495801, 0.6331285391460185, -0.763823968908621, -0.1662328977614633, -0.7698101745341113]

Iteration number 31
Features space points
 [[ 0.00083338]
 [ 0.00798123]
 [-0.00485627]
 [ 0.00606879]
 [-0.00745574]
 [ 0.00328248]
 [ 0.01389996]
 [-0.00890042]
 [-0.00428726]
 [-0.00956033]
 [-0.00765116]
 [-0.01193975]
 [-0.01175857]
 [-0.00687087]
 [-0.00732356]
 [-0.00719176]
 [-0.00441388]
 [-0.0103255 ]
 [-0.0099477 ]
 [-0.00675086]
 [-0.00624036]
 [-0.00621786]
 [-0.00396962]
 [-0.00929088]
 [-0.0038686 ]
 [-0.00642644]
 [-0.00605254]
 [-0.00612661]
 [-0.00611879]
 [-0.00927343]
 [ 0.00193032]
 [-0.00593797]
 [-0.00901163]
 [-0.00389796]
 [-0.00592119]]
Scaled function values
 [-0.01020765 -0.44951719  0.53475564 -0.39941765 -0.60367579  1.03258739
  2.937354    0.37342048 -0.80367657 -0.66592955  0.31024864  1.37582005
 -0.03604928  0.00932298  0.31906026  0.07086784 -0.83324832  3.35461152
  1.34771736 -0.7429653  -0.84834344 -0.84374905 -0.77363772 -0.69892704
 -0.79875341 -0.10708736 -0.14947175 -0.7445026  -0.70069456  0.36269742
  0.6604824  -0.74182699 -0.14194434 -0.74783615 -0.84748429]
Model predicts
 [-0.010207652118042492, -0.4495171902115831, 0.5347556385270088, -0.39941764510595956, -0.6036757852632372, 1.0325873797746892, 2.937353973331805, 0.3734204733010349, -0.803676558499558, -0.6659295403531249, 0.3102486396507107, 1.3758200391928839, -0.03604927917474792, 0.009322981965582676, 0.31906026153512546, 0.07086784066278465, -0.8332483107997372, 3.3546114875887936, 1.3477173510681097, -0.7429652912540524, -0.8483434326910912, -0.8437490440604012, -0.7736377080200196, -0.6989270339628199, -0.7987533986752832, -0.10708735775477439, -0.14947175084227624, -0.7445025914446401, -0.7006945565429501, 0.3626974179724353, 0.6604823948523153, -0.7418269833983386, -0.14194433986058444, -0.7478361442254678, -0.8474842851645938]

Iteration number 32
Features space points
 [[ 0.00079557]
 [ 0.00790752]
 [-0.00484433]
 [ 0.00601966]
 [-0.00744042]
 [ 0.00324156]
 [ 0.01380506]
 [-0.00887713]
 [-0.00428688]
 [-0.00953126]
 [-0.00763262]
 [-0.01190205]
 [-0.01172   ]
 [-0.00685701]
 [-0.00730786]
 [-0.00717619]
 [-0.0044139 ]
 [-0.01029549]
 [-0.00992091]
 [-0.00673906]
 [-0.00623123]
 [-0.00620882]
 [-0.00397196]
 [-0.00926393]
 [-0.00387122]
 [-0.00641534]
 [-0.00604306]
 [-0.00611766]
 [-0.00610972]
 [-0.00924775]
 [ 0.00189661]
 [-0.00592987]
 [-0.00898734]
 [-0.00390087]
 [-0.00591435]
 [-0.005907  ]]
Scaled function values
 [-1.35204108e-03 -4.46263231e-01  5.50560097e-01 -3.95524865e-01
 -6.02387508e-01  1.05473971e+00  2.98379405e+00  3.87167741e-01
 -8.04938499e-01 -6.65435064e-01  3.23190401e-01  1.40234894e+00
 -2.75231757e-02  1.84276288e-02  3.32114380e-01  8.07572483e-02
 -8.34887322e-01  3.40637203e+00  1.37388791e+00 -7.43453100e-01
 -8.50174922e-01 -8.45521950e-01 -7.74516622e-01 -6.98853309e-01
 -7.99952564e-01 -9.94670635e-02 -1.42391902e-01 -7.45010003e-01
 -7.00643370e-01  3.76307955e-01  6.77890000e-01 -7.42300278e-01
 -1.34768508e-01 -7.48386062e-01 -8.49304820e-01 -3.14501922e-01]
Model predicts
 [-1.2807631989060697e-08, -5.770367649780204e-09, -1.8233568287943938e-08, -7.647781926026823e-09, -2.064677659530829e-08, -1.0400883770379143e-08, 8.203474038534511e-11, -2.1960448269777363e-08, -1.7707867188209844e-08, -2.2554622265711477e-08, -2.082330268458661e-08, -2.4693253210784357e-08, -2.45297291097589e-08, -2.0109317360547313e-08, -2.0524885781683376e-08, -2.0403679470931276e-08, -1.7827885345141957e-08, -2.324629720711059e-08, -2.2907585476775757e-08, -2.0000337004537488e-08, -1.952982939383426e-08, -1.9509017581108477e-08, -1.7409703003132794e-08, -2.231205163780716e-08, -1.7314138302380945e-08, -1.9700658045270433e-08, -1.9354930337821543e-08, -1.942430763160771e-08, -1.9416928453796245e-08, -2.229736307288455e-08, -1.1726891871650186e-08, -1.9249588016888902e-08, -2.2060710067153217e-08, -1.734227222038031e-08, -1.9235126233375967e-08, -1.9228286494893753e-08]

Iteration number 33
Features space points
 [[ 0.00106862]
 [ 0.00824995]
 [-0.00480172]
 [ 0.0062202 ]
 [-0.00734274]
 [ 0.00346257]
 [ 0.01413546]
 [-0.00879927]
 [-0.00416654]
 [-0.00948022]
 [-0.00755535]
 [-0.01184639]
 [-0.0116774 ]
 [-0.00676589]
 [-0.0072175 ]
 [-0.00708895]
 [-0.00428622]
 [-0.01022781]
 [-0.00983852]
 [-0.00663469]
 [-0.006121  ]
 [-0.00609854]
 [-0.00383919]
 [-0.00920399]
 [-0.00373942]
 [-0.00631554]
 [-0.00594179]
 [-0.00600962]
 [-0.00600286]
 [-0.00917781]
 [ 0.0021011 ]
 [-0.00582076]
 [-0.00891426]
 [-0.0037657 ]
 [-0.00579538]
 [-0.00580221]
 [-0.00892157]]
Scaled function values
 [ 0.01261375 -0.43684498  0.57016709 -0.385588   -0.59456503  1.07950003
  3.02827164  0.40510467 -0.79918634 -0.65825701  0.3404734   1.43066225
 -0.01382489  0.03259559  0.3494886   0.09556229 -0.82944127  3.45516888
  1.40191032 -0.73707248 -0.84488513 -0.8401846  -0.76845351 -0.69201683
 -0.79414944 -0.08650413 -0.12986771 -0.7386453  -0.69382519  0.39413388
  0.69879846 -0.73590788 -0.1221664  -0.74205587 -0.84400614 -0.30373691
 -0.5032658 ]
Model predicts
 [0.012613744989983045, -0.43684497108779696, 0.5701670865035763, -0.3855879978907803, -0.5945650253915522, 1.079500018847751, 3.0282716100207585, 0.4051046648330898, -0.7991863298673489, -0.6582570020218518, 0.3404733996710114, 1.4306622337350954, -0.01382488998405332, 0.0325955868537078, 0.3494885926393203, 0.09556228976499959, -0.8294412655527622, 3.4551688439064927, 1.4019103013784482, -0.7370724765100158, -0.8448851235071527, -0.8401845927058557, -0.768453504835649, -0.6920168224344929, -0.7941494324139795, -0.08650413052540637, -0.1298677118888237, -0.738645292281069, -0.6938251793232401, 0.3941338794016176, 0.6987984536253253, -0.735907870820937, -0.12216639839150416, -0.7420558586879594, -0.844006127467466, -0.303736902627456, -0.5032657999538684]

Iteration number 34
Features space points
 [[ 0.0010227 ]
 [ 0.00818313]
 [-0.0047297 ]
 [ 0.00623088]
 [-0.0073098 ]
 [ 0.00345387]
 [ 0.01409145]
 [-0.00875896]
 [-0.00413777]
 [-0.00942628]
 [-0.00751114]
 [-0.01180199]
 [-0.0116249 ]
 [-0.00672748]
 [-0.00717994]
 [-0.00704921]
 [-0.00426206]
 [-0.0101857 ]
 [-0.00980386]
 [-0.00660363]
 [-0.00609188]
 [-0.00606939]
 [-0.00381674]
 [-0.00915442]
 [-0.00371612]
 [-0.0062809 ]
 [-0.00590694]
 [-0.00597891]
 [-0.00597145]
 [-0.00913399]
 [ 0.00209829]
 [-0.00579014]
 [-0.0088715 ]
 [-0.00374444]
 [-0.00577043]
 [-0.00576902]
 [-0.00887145]
 [-0.00572405]]
Scaled function values
 [ 0.0321794  -0.42010151  0.59323367 -0.36852269 -0.57881191  1.10576475
  3.06677287  0.42713481 -0.78471805 -0.64290381  0.36209772  1.45913195
  0.00557475  0.05228671  0.37116952  0.11564879 -0.81516296  3.49635063
  1.43019948 -0.72221417 -0.83070379 -0.82597374 -0.75379225 -0.67687561
 -0.77964952 -0.06756085 -0.11119671 -0.72379687 -0.67869532  0.41609514
  0.72267273 -0.72104226 -0.10344704 -0.72722885 -0.82981927 -0.28615764
 -0.4869394  -0.72099869]
Model predicts
 [-1.3621557528244457e-08, -5.4954915618501945e-09, -1.99799709561209e-08, -7.720428974394088e-09, -2.2738399869560986e-08, -1.0876207435042495e-08, 1.2182377040440484e-09, -2.4263066783832482e-08, -1.933819125078335e-08, -2.496050759880595e-08, -2.2951155986150536e-08, -2.7426136294611136e-08, -2.72431387233657e-08, -2.212119596140923e-08, -2.2601006471163467e-08, -2.2462550622363972e-08, -1.94732251477791e-08, -2.5751338443011544e-08, -2.535405739155449e-08, -2.19895427270287e-08, -2.1444097136314876e-08, -2.142006828833884e-08, -1.8988731555405118e-08, -2.4676690396986082e-08, -1.887900346078991e-08, -2.1645851124767936e-08, -2.1246370036528967e-08, -2.132335079651672e-08, -2.1315371859112205e-08, -2.465533902662765e-08, -1.2409669730143215e-08, -2.112132261386448e-08, -2.4380871185665764e-08, -1.8909891580898574e-08, -2.1100204735586767e-08, -2.1098697467355506e-08, -2.438081746904023e-08, -2.1050507339674075e-08]

Iteration number 35
Features space points
 [[ 0.00118199]
 [ 0.00840608]
 [-0.00471764]
 [ 0.00636844]
 [-0.00727675]
 [ 0.00359303]
 [ 0.01432823]
 [-0.00874199]
 [-0.00408094]
 [-0.00942638]
 [-0.00749   ]
 [-0.01180816]
 [-0.01163756]
 [-0.00669594]
 [-0.00715043]
 [-0.00702095]
 [-0.00420164]
 [-0.01017945]
 [-0.00978817]
 [-0.00656438]
 [-0.00604758]
 [-0.00602498]
 [-0.00375193]
 [-0.00914868]
 [-0.00365149]
 [-0.006243  ]
 [-0.0058669 ]
 [-0.0059354 ]
 [-0.00592856]
 [-0.0091227 ]
 [ 0.00222356]
 [-0.00574537]
 [-0.00885755]
 [-0.00367805]
 [-0.00572018]
 [-0.00572655]
 [-0.00886444]
 [-0.00567879]
 [-0.00877367]]
Scaled function values
 [ 0.03054129 -0.42761524  0.59888425 -0.37536635 -0.58838745  1.11807366
  3.10455737  0.43062759 -0.79696853 -0.65331197  0.3647456   1.47603148
  0.00359102  0.05090981  0.37393525  0.11509503 -0.82780895  3.53971581
  1.44672315 -0.73365267 -0.84355167 -0.83876018 -0.76564097 -0.68772511
 -0.79183416 -0.07049469 -0.11469743 -0.73525592 -0.68956846  0.4194445
  0.73000486 -0.73246552 -0.10684709 -0.73873249 -0.84265567 -0.2919313
 -0.49532142 -0.7324214   0.07813397]
Model predicts
 [0.03054128353363139, -0.4276151919141864, 0.5988841917570769, -0.37536631266894666, -0.5883873865616299, 1.1180735472304422, 3.104557047775467, 0.430627542956557, -0.7969684470831984, -0.6533119068421378, 0.3647455573788941, 1.4760313238360983, 0.003591017842800477, 0.05090980663432821, 0.3739352090378634, 0.11509501796620716, -0.8278088651298038, 3.5397154395456782, 1.4467229946845597, -0.7336525893354232, -0.8435515869295872, -0.8387600931891843, -0.7656408917518618, -0.6877250348530547, -0.7918340774472815, -0.07049468456660184, -0.11469742196956248, -0.7352558416575148, -0.6895683863977182, 0.4194444549300524, 0.7300047856723951, -0.7324654466264084, -0.10684707549277085, -0.7387324080880336, -0.8426555808827156, -0.29193126518673834, -0.4953213721728898, -0.7324213189224014, 0.07813396488701604]

Iteration number 36
Features space points
 [[ 0.00113892]
 [ 0.00834529]
 [-0.00464471]
 [ 0.00638469]
 [-0.00724432]
 [ 0.00358853]
 [ 0.01429308]
 [-0.00870282]
 [-0.00405124]
 [-0.0093738 ]
 [-0.00744632]
 [-0.01176629]
 [-0.01158745]
 [-0.00665774]
 [-0.00711329]
 [-0.00698155]
 [-0.00417663]
 [-0.01013912]
 [-0.00975517]
 [-0.0065335 ]
 [-0.00601843]
 [-0.00599579]
 [-0.00372844]
 [-0.00910037]
 [-0.00362709]
 [-0.00620839]
 [-0.0058319 ]
 [-0.0059046 ]
 [-0.00589704]
 [-0.00908016]
 [ 0.00222437]
 [-0.00571457]
 [-0.00881596]
 [-0.00365572]
 [-0.00569507]
 [-0.00569315]
 [-0.00881546]
 [-0.00564804]
 [-0.00873341]
 [-0.00598256]]
Scaled function values
 [ 0.04897075 -0.41200178  0.62080698 -0.35943175 -0.57376216  1.14318754
  3.14188096  0.45151614 -0.78362527 -0.63908574  0.38522921  1.5033455
  0.02185484  0.06946447  0.39447535  0.1340442  -0.81465525  3.57971405
  1.47385703 -0.71992024 -0.83049473 -0.82567379 -0.75210516 -0.67371039
 -0.77845934 -0.05268623 -0.09716066 -0.72153334 -0.67556507  0.44026432
  0.75273351 -0.7187258  -0.08926206 -0.72503128 -0.82959322 -0.27548387
 -0.48012412 -0.7186814   0.09685596 -0.71142817]
Model predicts
 [-1.4469757472149458e-08, -5.8718232318168474e-09, -2.1188365705872135e-08, -8.220978705407868e-09, -2.4107146246599702e-08, -1.1561708463926163e-08, 1.2329883026195292e-09, -2.5717984212663163e-08, -2.0512370131681093e-08, -2.645406681712204e-08, -2.433124292080719e-08, -2.9060070383752832e-08, -2.8866135755983012e-08, -2.3454380298506916e-08, -2.396160652401249e-08, -2.3815111307504936e-08, -2.065550293266211e-08, -2.729055243853607e-08, -2.687127719565809e-08, -2.3315717204055575e-08, -2.2739231596442654e-08, -2.2713825056889397e-08, -2.0143190212393553e-08, -2.6154445619728612e-08, -2.0027071174421138e-08, -2.2952143374220015e-08, -2.2529791002038176e-08, -2.261146365908906e-08, -2.260297883853281e-08, -2.6132276117010902e-08, -1.3184071036508288e-08, -2.2397870337152076e-08, -2.5842305830493053e-08, -2.0059883242184638e-08, -2.237593773167393e-08, -2.2373772278652633e-08, -2.5841746819627298e-08, -2.2323002895644835e-08, -2.575161023526349e-08, -2.2698981359661265e-08]

